[PARAMETERS]
WIDTH=7980
HEIGHT=8192
X_OFFSET=4693.06494140625
Z_OFFSET=6968.4130859375
MARGIN=10
SCALE_FACTOR=1.40977263450623
DRAWING_SIZE=10

